Output for python3 hclustering.py .\data\AccidentsSet03.csv .50 1 1

Distance Metric: Euclidean Distance
Standardization: Min-Max Standardization
Threshold: 0.5

-+-+-+-+-+-+-+-+-+-+-+-+-+-+-+-+-+-+-+-+-+-+-+-+-+-+-+-+-+-+-+-+-+-+-+-+-+-+-+-+-+-+-+-+-

Cluster 0
Center: 0.07407407407407407,0.16666666666666666,0.0,0.037037037037037035,0.2345679012345679,
Max Dist. to Center: 0.6590210879714692
Min Dist. to Center: 0.21069195266513593
Avg Dist. to Center: 0.3324031356518222
SSE for Cluster: 3.353909465020576

27 Points:
3.00, 0.00, 2.00, 1.00, 0.00,
2.00, 0.00, 2.00, 1.00, 0.00,
2.00, 0.00, 2.00, 1.00, 0.00,
4.00, 0.00, 2.00, 1.00, 0.00,
4.00, 0.00, 2.00, 1.00, 0.00,
1.00, 0.00, 2.00, 1.00, 0.00,
3.00, 0.00, 2.00, 1.00, 1.00,
1.00, 0.00, 2.00, 1.00, 1.00,
1.00, 0.00, 2.00, 1.00, 1.00,
1.00, 0.00, 2.00, 1.00, 1.00,
1.00, 0.00, 2.00, 1.00, 1.00,
1.00, 0.00, 2.00, 1.00, 1.00,
1.00, 0.00, 2.00, 1.00, 1.00,
1.00, 0.00, 2.00, 1.00, 1.00,
1.00, 0.00, 2.00, 1.00, 1.00,
1.00, 0.00, 2.00, 1.00, 1.00,
3.00, 1.00, 2.00, 1.00, 0.00,
1.00, 1.00, 2.00, 1.00, 0.00,
1.00, 1.00, 2.00, 1.00, 0.00,
1.00, 1.00, 2.00, 1.00, 0.00,
3.00, 1.00, 2.00, 1.00, 1.00,
2.00, 1.00, 2.00, 1.00, 1.00,
1.00, 1.00, 2.00, 1.00, 1.00,
1.00, 1.00, 2.00, 1.00, 1.00,
2.00, 1.00, 2.00, 1.00, 2.00,
1.00, 0.00, 2.00, 2.00, 2.00,
1.00, 0.00, 2.00, 2.00, 1.00,

-+-+-+-+-+-+-+-+-+-+-+-+-+-+-+-+-+-+-+-+-+-+-+-+-+-+-+-+-+-+-+-+-+-+-+-+-+-+-+-+-+-+-+-+-

Cluster 1
Center: 0.08243727598566307,0.3548387096774194,1.0,0.0,0.22580645161290322,
Max Dist. to Center: 0.7857396033164448
Min Dist. to Center: 0.19856921960004847
Avg Dist. to Center: 0.3448632545320441
SSE for Cluster: 4.330147351652728

31 Points:
5.00, 0.00, 4.00, 1.00, 1.00,
3.00, 0.00, 4.00, 1.00, 1.00,
3.00, 0.00, 4.00, 1.00, 1.00,
1.00, 0.00, 4.00, 1.00, 1.00,
5.00, 0.00, 4.00, 1.00, 0.00,
4.00, 0.00, 4.00, 1.00, 0.00,
3.00, 0.00, 4.00, 1.00, 0.00,
3.00, 0.00, 4.00, 1.00, 0.00,
3.00, 0.00, 4.00, 1.00, 0.00,
3.00, 0.00, 4.00, 1.00, 2.00,
1.00, 1.00, 4.00, 1.00, 0.00,
1.00, 1.00, 4.00, 1.00, 0.00,
1.00, 1.00, 4.00, 1.00, 0.00,
1.00, 1.00, 4.00, 1.00, 0.00,
1.00, 1.00, 4.00, 1.00, 0.00,
1.00, 1.00, 4.00, 1.00, 0.00,
1.00, 1.00, 4.00, 1.00, 0.00,
1.00, 1.00, 4.00, 1.00, 0.00,
1.00, 1.00, 4.00, 1.00, 0.00,
1.00, 1.00, 4.00, 1.00, 1.00,
1.00, 1.00, 4.00, 1.00, 1.00,
1.00, 1.00, 4.00, 1.00, 1.00,
1.00, 1.00, 4.00, 1.00, 1.00,
1.00, 1.00, 4.00, 1.00, 1.00,
1.00, 1.00, 4.00, 1.00, 1.00,
1.00, 1.00, 4.00, 1.00, 1.00,
1.00, 1.00, 4.00, 1.00, 1.00,
1.00, 1.00, 4.00, 1.00, 1.00,
1.00, 1.00, 4.00, 1.00, 2.00,
1.00, 1.00, 4.00, 1.00, 2.00,
1.00, 2.00, 4.00, 1.00, 2.00,

-+-+-+-+-+-+-+-+-+-+-+-+-+-+-+-+-+-+-+-+-+-+-+-+-+-+-+-+-+-+-+-+-+-+-+-+-+-+-+-+-+-+-+-+-

Cluster 2
Center: 0.05555555555555555,0.0,1.0,0.5,0.0,
Max Dist. to Center: 0.05555555555555555
Min Dist. to Center: 0.05555555555555555
Avg Dist. to Center: 0.05555555555555555
SSE for Cluster: 0.006172839506172839

2 Points:
1.00, 0.00, 4.00, 2.00, 0.00,
2.00, 0.00, 4.00, 2.00, 0.00,

-+-+-+-+-+-+-+-+-+-+-+-+-+-+-+-+-+-+-+-+-+-+-+-+-+-+-+-+-+-+-+-+-+-+-+-+-+-+-+-+-+-+-+-+-

Cluster 3
Center: 1.0,0.0,1.0,0.0,0.3333333333333333,
Max Dist. to Center: 0.0
Min Dist. to Center: 0.0
Avg Dist. to Center: 0.0
SSE for Cluster: 0.0

1 Points:
10.00, 0.00, 4.00, 1.00, 1.00,

-+-+-+-+-+-+-+-+-+-+-+-+-+-+-+-+-+-+-+-+-+-+-+-+-+-+-+-+-+-+-+-+-+-+-+-+-+-+-+-+-+-+-+-+-

Cluster 4
Center: 0.0,0.0,1.0,1.0,1.0,
Max Dist. to Center: 0.0
Min Dist. to Center: 0.0
Avg Dist. to Center: 0.0
SSE for Cluster: 0.0

1 Points:
1.00, 0.00, 4.00, 3.00, 3.00,

-+-+-+-+-+-+-+-+-+-+-+-+-+-+-+-+-+-+-+-+-+-+-+-+-+-+-+-+-+-+-+-+-+-+-+-+-+-+-+-+-+-+-+-+-

