Output for python3 .\kmeans.py .\data\AccidentsSet03.csv 6 1 2 1 .1

Initial Centroid: K-means++
Distance Metric: Manhattan Distance
Standardization: Min-Max Standardization
Stoppage Threshold: 0.1

-+-+-+-+-+-+-+-+-+-+-+-+-+-+-+-+-+-+-+-+-+-+-+-+-+-+-+-+-+-+-+-+-+-+-+-+-+-+-+-+-+-+-+-+-

Cluster 0
Center: 0.07407407407407408,0.5,0.0,0.0,0.2222222222222222,
Max Dist. to Center: 0.48148148148148145
Min Dist. to Center: 0.14814814814814814
Avg Dist. to Center: 0.27983539094650206
SSE for Cluster: 0.7901234567901233

9 Points:
3.00, 1.00, 2.00, 1.00, 0.00,
3.00, 1.00, 2.00, 1.00, 1.00,
1.00, 1.00, 2.00, 1.00, 1.00,
2.00, 1.00, 2.00, 1.00, 2.00,
2.00, 1.00, 2.00, 1.00, 1.00,
1.00, 1.00, 2.00, 1.00, 1.00,
1.00, 1.00, 2.00, 1.00, 0.00,
1.00, 1.00, 2.00, 1.00, 0.00,
1.00, 1.00, 2.00, 1.00, 0.00,

-+-+-+-+-+-+-+-+-+-+-+-+-+-+-+-+-+-+-+-+-+-+-+-+-+-+-+-+-+-+-+-+-+-+-+-+-+-+-+-+-+-+-+-+-

Cluster 1
Center: 0.037037037037037035,0.0,1.0,0.6666666666666666,0.3333333333333333,
Max Dist. to Center: 1.0370370370370372
Min Dist. to Center: 0.537037037037037
Avg Dist. to Center: 0.7160493827160493
SSE for Cluster: 1.6934156378600824

3 Points:
1.00, 0.00, 4.00, 2.00, 0.00,
2.00, 0.00, 4.00, 2.00, 0.00,
1.00, 0.00, 4.00, 3.00, 3.00,

-+-+-+-+-+-+-+-+-+-+-+-+-+-+-+-+-+-+-+-+-+-+-+-+-+-+-+-+-+-+-+-+-+-+-+-+-+-+-+-+-+-+-+-+-

Cluster 2
Center: 0.3232323232323233,0.0,1.0,0.0,0.2121212121212121,
Max Dist. to Center: 0.7979797979797979
Min Dist. to Center: 0.2222222222222221
Avg Dist. to Center: 0.36179981634527086
SSE for Cluster: 1.7551270278543005

11 Points:
5.00, 0.00, 4.00, 1.00, 1.00,
5.00, 0.00, 4.00, 1.00, 0.00,
4.00, 0.00, 4.00, 1.00, 0.00,
10.00, 0.00, 4.00, 1.00, 1.00,
3.00, 0.00, 4.00, 1.00, 1.00,
3.00, 0.00, 4.00, 1.00, 0.00,
3.00, 0.00, 4.00, 1.00, 0.00,
3.00, 0.00, 4.00, 1.00, 1.00,
1.00, 0.00, 4.00, 1.00, 1.00,
3.00, 0.00, 4.00, 1.00, 0.00,
3.00, 0.00, 4.00, 1.00, 2.00,

-+-+-+-+-+-+-+-+-+-+-+-+-+-+-+-+-+-+-+-+-+-+-+-+-+-+-+-+-+-+-+-+-+-+-+-+-+-+-+-+-+-+-+-+-

Cluster 3
Center: 0.0,0.5238095238095238,1.0,0.0,0.23809523809523805,
Max Dist. to Center: 0.9047619047619048
Min Dist. to Center: 0.1190476190476191
Avg Dist. to Center: 0.24943310657596376
SSE for Cluster: 1.9727891156462587

21 Points:
1.00, 1.00, 4.00, 1.00, 0.00,
1.00, 1.00, 4.00, 1.00, 1.00,
1.00, 1.00, 4.00, 1.00, 2.00,
1.00, 1.00, 4.00, 1.00, 2.00,
1.00, 1.00, 4.00, 1.00, 0.00,
1.00, 1.00, 4.00, 1.00, 1.00,
1.00, 1.00, 4.00, 1.00, 1.00,
1.00, 1.00, 4.00, 1.00, 0.00,
1.00, 2.00, 4.00, 1.00, 2.00,
1.00, 1.00, 4.00, 1.00, 1.00,
1.00, 1.00, 4.00, 1.00, 0.00,
1.00, 1.00, 4.00, 1.00, 1.00,
1.00, 1.00, 4.00, 1.00, 0.00,
1.00, 1.00, 4.00, 1.00, 1.00,
1.00, 1.00, 4.00, 1.00, 1.00,
1.00, 1.00, 4.00, 1.00, 0.00,
1.00, 1.00, 4.00, 1.00, 0.00,
1.00, 1.00, 4.00, 1.00, 0.00,
1.00, 1.00, 4.00, 1.00, 1.00,
1.00, 1.00, 4.00, 1.00, 0.00,
1.00, 1.00, 4.00, 1.00, 1.00,

-+-+-+-+-+-+-+-+-+-+-+-+-+-+-+-+-+-+-+-+-+-+-+-+-+-+-+-+-+-+-+-+-+-+-+-+-+-+-+-+-+-+-+-+-

Cluster 4
Center: 0.0,0.0,0.0,0.5,0.5,
Max Dist. to Center: 0.16666666666666669
Min Dist. to Center: 0.16666666666666663
Avg Dist. to Center: 0.16666666666666666
SSE for Cluster: 0.05555555555555555

2 Points:
1.00, 0.00, 2.00, 2.00, 2.00,
1.00, 0.00, 2.00, 2.00, 1.00,

-+-+-+-+-+-+-+-+-+-+-+-+-+-+-+-+-+-+-+-+-+-+-+-+-+-+-+-+-+-+-+-+-+-+-+-+-+-+-+-+-+-+-+-+-

Cluster 5
Center: 0.08333333333333333,0.0,0.0,0.0,0.20833333333333334,
Max Dist. to Center: 0.45833333333333337
Min Dist. to Center: 0.20833333333333331
Avg Dist. to Center: 0.26041666666666663
SSE for Cluster: 1.1975308641975309

16 Points:
3.00, 0.00, 2.00, 1.00, 0.00,
2.00, 0.00, 2.00, 1.00, 0.00,
3.00, 0.00, 2.00, 1.00, 1.00,
4.00, 0.00, 2.00, 1.00, 0.00,
2.00, 0.00, 2.00, 1.00, 0.00,
4.00, 0.00, 2.00, 1.00, 0.00,
1.00, 0.00, 2.00, 1.00, 0.00,
1.00, 0.00, 2.00, 1.00, 1.00,
1.00, 0.00, 2.00, 1.00, 1.00,
1.00, 0.00, 2.00, 1.00, 1.00,
1.00, 0.00, 2.00, 1.00, 1.00,
1.00, 0.00, 2.00, 1.00, 1.00,
1.00, 0.00, 2.00, 1.00, 1.00,
1.00, 0.00, 2.00, 1.00, 1.00,
1.00, 0.00, 2.00, 1.00, 1.00,
1.00, 0.00, 2.00, 1.00, 1.00,

-+-+-+-+-+-+-+-+-+-+-+-+-+-+-+-+-+-+-+-+-+-+-+-+-+-+-+-+-+-+-+-+-+-+-+-+-+-+-+-+-+-+-+-+-

