Output for python3 dbscan.py data/AccidentsSet03.csv 0.4 3 1 1

Distance Metric: Euclidean Distance
Standardization: Min-Max
-+-+-+-+-+-+-+-+-+-+-+-+-+-+-+-+-+-+-+-+-+-+-+-+-+-+-+-+-+-+-+-+-+-+-+-+-+-+-+-+-+-+-+-+-

Cluster 1:
Center: 0.08333333333333333,0.0,0.0,0.0,0.20833333333333331,
Max Dist. to Center: 0.3254270698294439
Min Dist. to Center: 0.1502313031443329
Avg Dist. to Center: 0.19280707399271518
SSE for Cluster: 0.6512345679012346

16 Points:
3.00, 0.00, 2.00, 1.00, 0.00,
2.00, 0.00, 2.00, 1.00, 0.00,
3.00, 0.00, 2.00, 1.00, 1.00,
4.00, 0.00, 2.00, 1.00, 0.00,
2.00, 0.00, 2.00, 1.00, 0.00,
4.00, 0.00, 2.00, 1.00, 0.00,
1.00, 0.00, 2.00, 1.00, 0.00,
1.00, 0.00, 2.00, 1.00, 1.00,
1.00, 0.00, 2.00, 1.00, 1.00,
1.00, 0.00, 2.00, 1.00, 1.00,
1.00, 0.00, 2.00, 1.00, 1.00,
1.00, 0.00, 2.00, 1.00, 1.00,
1.00, 0.00, 2.00, 1.00, 1.00,
1.00, 0.00, 2.00, 1.00, 1.00,
1.00, 0.00, 2.00, 1.00, 1.00,
1.00, 0.00, 2.00, 1.00, 1.00,

-+-+-+-+-+-+-+-+-+-+-+-+-+-+-+-+-+-+-+-+-+-+-+-+-+-+-+-+-+-+-+-+-+-+-+-+-+-+-+-+-+-+-+-+-

Cluster 2:
Center: 0.2555555555555556,0.0,1.0,0.0,0.2,
Max Dist. to Center: 0.46785562825393995
Min Dist. to Center: 0.13743685418725535
Avg Dist. to Center: 0.23601493708909213
SSE for Cluster: 0.6382716049382715

10 Points:
5.00, 0.00, 4.00, 1.00, 1.00,
5.00, 0.00, 4.00, 1.00, 0.00,
4.00, 0.00, 4.00, 1.00, 0.00,
3.00, 0.00, 4.00, 1.00, 1.00,
3.00, 0.00, 4.00, 1.00, 0.00,
3.00, 0.00, 4.00, 1.00, 0.00,
3.00, 0.00, 4.00, 1.00, 1.00,
1.00, 0.00, 4.00, 1.00, 1.00,
3.00, 0.00, 4.00, 1.00, 0.00,
3.00, 0.00, 4.00, 1.00, 2.00,

-+-+-+-+-+-+-+-+-+-+-+-+-+-+-+-+-+-+-+-+-+-+-+-+-+-+-+-+-+-+-+-+-+-+-+-+-+-+-+-+-+-+-+-+-

Cluster 3:
Center: 0.07407407407407408,0.5,0.0,0.0,0.2222222222222222,
Max Dist. to Center: 0.4459849843997146
Min Dist. to Center: 0.11712139482105108
Avg Dist. to Center: 0.2205750753161601
SSE for Cluster: 0.5185185185185184

9 Points:
3.00, 1.00, 2.00, 1.00, 0.00,
3.00, 1.00, 2.00, 1.00, 1.00,
1.00, 1.00, 2.00, 1.00, 1.00,
2.00, 1.00, 2.00, 1.00, 2.00,
2.00, 1.00, 2.00, 1.00, 1.00,
1.00, 1.00, 2.00, 1.00, 1.00,
1.00, 1.00, 2.00, 1.00, 0.00,
1.00, 1.00, 2.00, 1.00, 0.00,
1.00, 1.00, 2.00, 1.00, 0.00,

-+-+-+-+-+-+-+-+-+-+-+-+-+-+-+-+-+-+-+-+-+-+-+-+-+-+-+-+-+-+-+-+-+-+-+-+-+-+-+-+-+-+-+-+-

Cluster 4:
Center: 0.0,0.5,1.0,0.0,0.21666666666666665,
Max Dist. to Center: 0.44999999999999996
Min Dist. to Center: 0.11666666666666667
Avg Dist. to Center: 0.195
SSE for Cluster: 0.95

20 Points:
1.00, 1.00, 4.00, 1.00, 0.00,
1.00, 1.00, 4.00, 1.00, 1.00,
1.00, 1.00, 4.00, 1.00, 2.00,
1.00, 1.00, 4.00, 1.00, 2.00,
1.00, 1.00, 4.00, 1.00, 0.00,
1.00, 1.00, 4.00, 1.00, 1.00,
1.00, 1.00, 4.00, 1.00, 1.00,
1.00, 1.00, 4.00, 1.00, 0.00,
1.00, 1.00, 4.00, 1.00, 1.00,
1.00, 1.00, 4.00, 1.00, 0.00,
1.00, 1.00, 4.00, 1.00, 1.00,
1.00, 1.00, 4.00, 1.00, 0.00,
1.00, 1.00, 4.00, 1.00, 1.00,
1.00, 1.00, 4.00, 1.00, 1.00,
1.00, 1.00, 4.00, 1.00, 0.00,
1.00, 1.00, 4.00, 1.00, 0.00,
1.00, 1.00, 4.00, 1.00, 0.00,
1.00, 1.00, 4.00, 1.00, 1.00,
1.00, 1.00, 4.00, 1.00, 0.00,
1.00, 1.00, 4.00, 1.00, 1.00,

-+-+-+-+-+-+-+-+-+-+-+-+-+-+-+-+-+-+-+-+-+-+-+-+-+-+-+-+-+-+-+-+-+-+-+-+-+-+-+-+-+-+-+-+-

7 Outliers (11.29032258064516% of data):
10.00, 0.00, 4.00, 1.00, 1.00,
1.00, 0.00, 4.00, 2.00, 0.00,
2.00, 0.00, 4.00, 2.00, 0.00,
1.00, 0.00, 4.00, 3.00, 3.00,
1.00, 0.00, 2.00, 2.00, 2.00,
1.00, 0.00, 2.00, 2.00, 1.00,
1.00, 2.00, 4.00, 1.00, 2.00,

-+-+-+-+-+-+-+-+-+-+-+-+-+-+-+-+-+-+-+-+-+-+-+-+-+-+-+-+-+-+-+-+-+-+-+-+-+-+-+-+-+-+-+-+-

